./modeling/saved_models/resnet_pa.torch
TruePos	TrueNeg	FalsePos	FalseNeg	TruePosRt	TrueNegRt	FalsePosRt	FalseNegRt	Precision	Recall	F1
Salicornia	12	37	0	22	0.352941	1.000000	0.000000	0.647059	1.000000	0.352941	0.521739
Spartina	40	23	1	7	0.851064	0.958333	0.041667	0.148936	0.975610	0.851064	0.909091
Limonium	0	66	0	5	0.000000	1.000000	0.000000	1.000000	nan	0.000000	nan
Borrichia	0	71	0	0	nan	1.000000	0.000000	nan	nan	nan	nan
Batis	17	47	0	7	0.708333	1.000000	0.000000	0.291667	1.000000	0.708333	0.829268
Juncus	0	71	0	0	nan	1.000000	0.000000	nan	nan	nan	nan
None	1	63	0	7	0.125000	1.000000	0.000000	0.875000	1.000000	0.125000	0.222222
micro_precision: 0.9859154929577465	 micro_recall: 0.5932203389830508	 micro_f1: 0.7407407407407407
macro_precision: nan	 macro_recall: nan	 macro_f1: nan
______________________________
./modeling/saved_models/resnet_pa.torch
TruePos	TrueNeg	FalsePos	FalseNeg	TruePosRt	TrueNegRt	FalsePosRt	FalseNegRt	Precision	Recall	F1
Salicornia	14	37	0	20	0.411765	1.000000	0.000000	0.588235	1.000000	0.411765	0.583333
Spartina	40	23	1	7	0.851064	0.958333	0.041667	0.148936	0.975610	0.851064	0.909091
Limonium	0	66	0	5	0.000000	1.000000	0.000000	1.000000	nan	0.000000	nan
Borrichia	0	71	0	0	nan	1.000000	0.000000	nan	nan	nan	nan
Batis	17	47	0	7	0.708333	1.000000	0.000000	0.291667	1.000000	0.708333	0.829268
Juncus	0	71	0	0	nan	1.000000	0.000000	nan	nan	nan	nan
None	0	63	0	8	0.000000	1.000000	0.000000	1.000000	nan	0.000000	nan
micro_precision: 0.9861	 micro_recall: 0.6017	 micro_f1: 0.7474
macro_precision: nan	 macro_recall: nan	 macro_f1: nan
______________________________
./modeling/saved_models/resnet_pa.torch
TruePos	TrueNeg	FalsePos	FalseNeg	TruePosRt	TrueNegRt	FalsePosRt	FalseNegRt	Precision	Recall	F1
Salicornia	331	2746	8	110	0.750567	0.997095	0.002905	0.249433	0.976401	0.750567	0.848718
Spartina	2465	664	17	49	0.980509	0.975037	0.024963	0.019491	0.993151	0.980509	0.986789
Limonium	40	3064	20	71	0.360360	0.993515	0.006485	0.639640	0.666667	0.360360	0.467836
Borrichia	29	3147	13	6	0.828571	0.995886	0.004114	0.171429	0.690476	0.828571	0.753247
Batis	310	2829	3	53	0.853994	0.998941	0.001059	0.146006	0.990415	0.853994	0.917160
Juncus	143	2967	55	30	0.826590	0.981800	0.018200	0.173410	0.722222	0.826590	0.770889
None	305	2875	1	14	0.956113	0.999652	0.000348	0.043887	0.996732	0.956113	0.976000
micro_precision: 0.9687	 micro_recall: 0.9158	 micro_f1: 0.9415
macro_precision: 0.8623	 macro_recall: 0.7938	 macro_f1: 0.8266
______________________________
./modeling/saved_models/resnext_pa.torch - no data augmentation
TruePos	TrueNeg	FalsePos	FalseNeg	TruePosRt	TrueNegRt	FalsePosRt	FalseNegRt	Precision	Recall	F1
Salicornia	360	2730	24	81	0.816327	0.991285	0.008715	0.183673	0.937500	0.816327	0.872727
Spartina	2458	671	10	56	0.977725	0.985316	0.014684	0.022275	0.995948	0.977725	0.986752
Limonium	89	3038	46	22	0.801802	0.985084	0.014916	0.198198	0.659259	0.801802	0.723577
Borrichia	32	3146	14	3	0.914286	0.995570	0.004430	0.085714	0.695652	0.914286	0.790123
Batis	348	2826	6	15	0.958678	0.997881	0.002119	0.041322	0.983051	0.958678	0.970711
Juncus	149	2982	40	24	0.861272	0.986764	0.013236	0.138728	0.788360	0.861272	0.823204
None	312	2875	1	7	0.978056	0.999652	0.000348	0.021944	0.996805	0.978056	0.987342
micro_precision: 0.9637	 micro_recall: 0.9474	 micro_f1: 0.9555
macro_precision: 0.8652	 macro_recall: 0.9012	 macro_f1: 0.8828

./modeling/saved_models/resnext_pa.torch - with data augmentation
TruePos	TrueNeg	FalsePos	FalseNeg	TruePosRt	TrueNegRt	FalsePosRt	FalseNegRt	Precision	Recall	F1
Salicornia	360	2739	15	81	0.816327	0.994553	0.005447	0.183673	0.960000	0.816327	0.882353
Spartina	2476	666	15	38	0.984885	0.977974	0.022026	0.015115	0.993978	0.984885	0.989411
Limonium	75	3059	25	36	0.675676	0.991894	0.008106	0.324324	0.750000	0.675676	0.710900
Borrichia	33	3128	32	2	0.942857	0.989873	0.010127	0.057143	0.507692	0.942857	0.660000
Batis	334	2828	4	29	0.920110	0.998588	0.001412	0.079890	0.988166	0.920110	0.952924
Juncus	151	2982	40	22	0.872832	0.986764	0.013236	0.127168	0.790576	0.872832	0.829670
None	307	2875	1	12	0.962382	0.999652	0.000348	0.037618	0.996753	0.962382	0.979266
micro_precision: 0.9659	 micro_recall: 0.9444	 micro_f1: 0.9550
macro_precision: 0.8553	 macro_recall: 0.8822	 macro_f1: 0.8685
______________________________
./modeling/saved_models/resnet_pa.torch
TruePos	TrueNeg	FalsePos	FalseNeg	TruePosRt	TrueNegRt	FalsePosRt	FalseNegRt	Precision	Recall	F1
Salicornia	0	37	0	34	0.000000	1.000000	0.000000	1.000000	nan	0.000000	nan	
Spartina	40	24	0	7	0.851064	1.000000	0.000000	0.148936	1.000000	0.851064	0.919540	
Limonium	0	66	0	5	0.000000	1.000000	0.000000	1.000000	nan	0.000000	nan	
Borrichia	0	71	0	0	nan	1.000000	0.000000	nan	nan	nan	nan	
Batis	0	47	0	24	0.000000	1.000000	0.000000	1.000000	nan	0.000000	nan	
Juncus	0	71	0	0	nan	1.000000	0.000000	nan	nan	nan	nan	
None	0	63	0	8	0.000000	1.000000	0.000000	1.000000	nan	0.000000	nan	
micro_precision: 1.0000	 micro_recall: 0.3390	 micro_f1: 0.5063
macro_precision: nan	 macro_recall: nan	 macro_f1: nan
______________________________
./modeling/saved_models/resnet_pa.torch
<<<<<<< HEAD
TruePos	TrueNeg	FalsePos	FalseNeg	Recall	TrueNegRt	FalsePosRt	FalseNegRt	Precision
Salicornia	915	3168	126	63	0.935583	0.961749	0.038251	0.064417	0.878963	
Spartina	2881	1252	45	94	0.968403	0.965305	0.034695	0.031597	0.984621	
Limonium	180	3906	102	84	0.681818	0.974551	0.025449	0.318182	0.638298	
Borrichia	186	4008	45	33	0.849315	0.988897	0.011103	0.150685	0.805195	
Batis	650	3505	67	50	0.928571	0.981243	0.018757	0.071429	0.906555	
Juncus	152	4023	37	60	0.716981	0.990887	0.009113	0.283019	0.804233	
None	561	3626	10	75	0.882075	0.997250	0.002750	0.117925	0.982487	
precision=0.9274802753063622
recall=0.9232954545454546
f-1 score=0.9253831337408928
total_recall0.8518210665838247total_precision0.8571929451586913
 total_f_1score= 0.8544985632607162
 ________________________________________________
./modeling/saved_models/inception_pa.torch
TruePos	TrueNeg	FalsePos	FalseNeg	Recall	TrueNegRt	FalsePosRt	FalseNegRt	Precision
Salicornia	885	3158	136	93	0.904908	0.958713	0.041287	0.095092	0.866797	
Spartina	2897	1238	59	78	0.973782	0.954510	0.045490	0.026218	0.980041	
Limonium	142	3902	106	122	0.537879	0.973553	0.026447	0.462121	0.572581	
Borrichia	190	4015	38	29	0.867580	0.990624	0.009376	0.132420	0.833333	
Batis	615	3500	72	85	0.878571	0.979843	0.020157	0.121429	0.895197	
Juncus	126	4039	21	86	0.594340	0.994828	0.005172	0.405660	0.857143	
None	563	3622	14	73	0.885220	0.996150	0.003850	0.114780	0.975737	
precision=0.9239427012278308
recall=0.9054144385026738
f-1 score=0.9145847400405132
total_recall0.8060399088026934total_precision0.8544039662335747
 total_f_1score= 0.8295175830722102
 ________________________________________________
./modeling/saved_models/pyramid_pa.torch
TruePos	TrueNeg	FalsePos	FalseNeg	Recall	TrueNegRt	FalsePosRt	FalseNegRt	Precision
Salicornia	896	3171	123	82	0.916155	0.962659	0.037341	0.083845	0.879293	
Spartina	2894	1246	51	81	0.972773	0.960678	0.039322	0.027227	0.982683	
Limonium	157	3917	91	107	0.594697	0.977295	0.022705	0.405303	0.633065	
Borrichia	178	4018	35	41	0.812785	0.991364	0.008636	0.187215	0.835681	
Batis	641	3497	75	59	0.915714	0.979003	0.020997	0.084286	0.895251	
Juncus	146	3984	76	66	0.688679	0.981281	0.018719	0.311321	0.657658	
None	572	3617	19	64	0.899371	0.994774	0.005226	0.100629	0.967851	
precision=0.9210614712798119
recall=0.9164438502673797
f-1 score=0.9187468587703133
total_recall0.8285964980673027total_precision0.8359259084427262
 total_f_1score= 0.832245066417132
 ________________________________________________
./modeling/saved_models/resnext_pa.torch
TruePos	TrueNeg	FalsePos	FalseNeg	Recall	TrueNegRt	FalsePosRt	FalseNegRt	Precision
Salicornia	802	2513	133	48	0.943529	0.949735	0.050265	0.056471	0.857754	
Spartina	2318	1072	48	58	0.975589	0.957143	0.042857	0.024411	0.979713	
Limonium	142	3199	49	106	0.572581	0.984914	0.015086	0.427419	0.743455	
Borrichia	182	3247	37	30	0.858491	0.988733	0.011267	0.141509	0.831050	
Batis	556	2835	61	44	0.926667	0.978936	0.021064	0.073333	0.901135	
Juncus	104	3307	56	29	0.781955	0.983348	0.016652	0.218045	0.650000	
None	488	2933	5	70	0.874552	0.998298	0.001702	0.125448	0.989858	
precision=0.9219032322826741
recall=0.9226441631504922
f-1 score=0.9222735489054027
total_recall0.8476233391091191total_precision0.8504235522193643
 total_f_1score= 0.84902113677822
 ________________________________________________
=======
TruePos	TrueNeg	FalsePos	FalseNeg	TruePosRt	TrueNegRt	FalsePosRt	FalseNegRt	Precision	Recall	F1
Salicornia	331	2749	5	110	0.750567	0.998184	0.001816	0.249433	0.985119	0.750567	0.851995	
Spartina	2460	668	13	54	0.978520	0.980910	0.019090	0.021480	0.994743	0.978520	0.986565	
Limonium	1	3084	0	110	0.009009	1.000000	0.000000	0.990991	1.000000	0.009009	0.017857	
Borrichia	24	3154	6	11	0.685714	0.998101	0.001899	0.314286	0.800000	0.685714	0.738462	
Batis	326	2824	8	37	0.898072	0.997175	0.002825	0.101928	0.976048	0.898072	0.935438	
Juncus	140	2934	88	33	0.809249	0.970880	0.029120	0.190751	0.614035	0.809249	0.698254	
None	308	2875	1	11	0.965517	0.999652	0.000348	0.034483	0.996764	0.965517	0.980892	
micro_precision: 0.9674	 micro_recall: 0.9075	 micro_f1: 0.9365
macro_precision: 0.9095	 macro_recall: 0.7281	 macro_f1: 0.8088
______________________________
>>>>>>> refactor
